10 6
7 9
2 6
10 5
10 6
10 1
6 3
20 20 70 50 20 60 100 50 90 40 
15
60 0 80 60 40 60 80 0 20 0 40 80 80 0 0 
53
1 2 80
1 4 50
1 5 40
1 9 90
1 10 70
1 12 180
2 1 40
2 2 80
2 6 20
2 8 10
2 9 190
2 11 110
2 12 180
2 13 40
3 4 120
3 6 180
3 7 60
3 8 140
3 9 80
3 10 160
3 12 100
4 3 40
4 4 110
4 14 50
5 2 20
5 3 150
5 9 110
5 10 70
5 12 190
5 13 30
5 14 200
6 1 130
6 2 20
6 7 20
6 13 70
7 2 10
7 3 50
7 4 110
7 5 100
7 6 10
7 7 90
7 8 100
8 2 120
8 3 150
8 7 10
8 9 50
8 13 90
8 14 200
9 3 100
9 13 70
10 2 20
10 5 170
10 11 50
