100 100
94 70
92 65
83 93
21 13
13 9
27 42
27 74
27 23
71 80
13 69
90 57
88 16
8 91
48 30
76 11
55 98
59 26
94 75
13 22
91 42
56 40
88 57
90 56
27 97
55 33
45 15
43 20
90 50
17 61
69 7
43 45
92 46
42 79
98 69
91 52
47 62
21 31
45 64
93 81
83 73
83 87
38 99
8 64
84 67
85 37
54 95
91 68
11 41
45 74
45 47
55 99
64 36
97 98
31 10
90 34
47 70
57 44
14 4
30 32
44 63
92 47
40 100
88 62
95 3
17 77
47 32
93 80
12 35
55 16
90 27
38 43
73 41
47 11
47 58
21 62
17 10
20 52
40 6
55 89
77 3
69 5
87 9
91 41
41 49
30 44
15 100
52 5
11 86
94 98
65 7
96 18
45 97
88 42
37 62
4 67
83 6
96 89
22 82
44 3
94 79
60 80 30 90 10 40 40 30 20 20 90 90 60 60 20 40 40 40 100 30 30 60 100 100 90 20 90 30 60 80 40 40 40 80 60 50 20 80 30 90 100 40 40 70 80 90 80 50 80 30 10 20 50 70 80 100 60 20 50 40 20 100 70 100 100 20 20 50 90 70 100 80 80 80 60 60 60 50 40 90 20 50 20 30 50 30 80 40 30 30 10 100 80 60 50 70 30 80 100 100 
80
20 40 80 0 60 0 80 0 0 80 60 40 20 40 80 60 60 60 80 80 40 0 0 0 60 80 20 60 20 80 20 40 60 60 0 80 20 60 40 20 40 80 60 60 80 20 20 40 60 0 20 60 0 0 20 0 60 60 20 20 40 20 40 20 0 0 20 40 80 0 80 40 40 0 80 0 0 80 20 0 
1580
1 4 90
1 6 180
1 9 80
1 10 20
1 15 140
1 18 150
1 32 200
1 45 190
1 49 140
1 53 170
1 56 200
1 58 30
1 66 20
1 68 10
1 77 20
2 2 80
2 24 90
2 44 50
2 49 160
2 50 160
2 52 80
2 53 150
2 62 50
2 63 50
2 75 70
2 76 150
3 1 60
3 15 200
3 21 60
3 26 10
3 29 20
3 35 200
3 37 150
3 39 10
3 41 20
3 48 150
3 49 70
3 51 40
3 54 100
3 55 120
3 61 90
3 62 140
3 66 70
3 70 50
3 71 120
3 74 80
3 75 130
3 77 110
4 3 50
4 4 160
4 9 20
4 10 100
4 37 10
4 44 120
4 51 20
4 52 200
4 72 170
4 73 120
5 9 190
5 22 170
5 35 120
5 39 50
5 52 80
5 55 30
5 62 80
5 74 20
5 77 150
6 15 110
6 19 180
6 21 70
6 23 50
6 31 20
6 38 100
6 40 120
6 50 10
6 51 180
6 55 140
6 56 140
6 60 10
6 62 180
6 64 200
6 71 70
6 75 40
6 78 50
7 7 130
7 8 110
7 15 110
7 17 100
7 27 10
7 44 100
7 53 20
7 60 100
7 71 100
7 77 170
8 11 40
8 16 80
8 28 90
8 29 170
8 36 70
8 46 110
8 51 10
8 57 100
8 62 130
8 66 160
8 73 50
8 75 100
9 2 110
9 4 80
9 15 110
9 29 130
9 32 180
9 45 190
9 65 90
9 67 180
9 73 200
9 75 50
9 78 140
9 79 130
9 80 90
10 8 40
10 16 160
10 17 100
10 19 140
10 24 30
10 26 20
10 30 170
10 33 140
10 34 180
10 35 10
10 48 200
10 51 140
10 53 150
10 55 140
10 62 130
10 63 130
10 73 70
10 79 180
11 1 70
11 4 190
11 11 140
11 14 170
11 16 10
11 20 140
11 31 10
11 34 110
11 43 160
11 47 50
11 55 40
11 57 180
11 58 100
11 64 30
11 66 20
11 67 60
11 74 140
11 75 20
11 77 160
12 1 160
12 5 170
12 9 190
12 11 200
12 19 190
12 20 200
12 24 110
12 26 140
12 28 10
12 29 130
12 30 120
12 34 190
12 37 160
12 41 110
12 43 70
12 48 180
12 54 170
12 62 170
12 63 170
12 66 90
12 71 200
12 78 20
13 2 50
13 6 180
13 10 40
13 11 190
13 15 190
13 19 70
13 27 10
13 28 50
13 41 100
13 50 80
13 53 200
13 60 170
13 69 110
13 71 200
13 76 200
14 2 200
14 11 200
14 13 180
14 16 120
14 18 130
14 20 180
14 27 190
14 30 150
14 34 40
14 37 120
14 38 120
14 40 50
14 44 50
14 63 200
14 66 30
14 73 190
14 75 20
14 76 110
15 3 70
15 6 200
15 9 180
15 10 60
15 23 70
15 27 180
15 37 90
15 42 100
15 48 150
15 53 90
15 56 30
15 58 120
15 72 190
15 80 150
16 3 70
16 7 80
16 19 70
16 28 200
16 35 160
16 50 100
16 51 100
16 53 90
16 61 140
16 65 10
16 74 180
16 78 40
17 9 120
17 12 40
17 22 40
17 30 140
17 45 50
17 51 110
17 54 180
17 57 120
17 61 140
17 62 130
17 64 110
17 66 180
17 70 120
17 73 180
17 75 160
17 78 80
17 79 190
18 2 190
18 7 190
18 8 70
18 9 130
18 10 140
18 17 130
18 26 40
18 27 90
18 28 50
18 31 160
18 39 140
18 44 90
18 49 140
18 51 150
18 60 170
18 61 140
18 65 10
18 67 180
18 72 80
18 76 20
18 78 20
18 80 100
19 13 20
19 22 180
19 33 160
19 40 110
19 41 60
19 51 80
19 54 110
19 62 100
19 66 140
19 70 200
19 75 140
19 77 100
20 15 30
20 21 70
20 24 130
20 26 130
20 33 190
20 45 170
20 47 30
20 48 40
20 49 130
20 55 160
20 62 60
20 63 150
20 65 100
20 68 80
20 70 90
20 77 120
21 1 40
21 10 190
21 11 90
21 14 70
21 20 40
21 23 100
21 25 110
21 31 130
21 32 80
21 39 100
21 40 160
21 41 140
21 43 190
21 44 50
21 51 70
21 54 190
21 57 20
21 65 90
21 74 70
22 18 110
22 22 170
22 24 110
22 27 20
22 37 10
22 42 120
22 44 190
22 61 60
22 62 60
22 69 60
22 71 140
22 78 120
22 79 120
23 3 190
23 8 70
23 19 70
23 20 90
23 21 100
23 42 180
23 48 70
23 52 120
23 59 10
23 71 110
23 72 100
23 75 200
23 78 100
23 79 180
24 9 180
24 10 10
24 12 180
24 13 100
24 17 190
24 19 30
24 21 20
24 24 90
24 27 100
24 31 80
24 48 100
24 53 110
24 58 30
24 62 40
24 64 130
24 76 50
24 78 110
25 7 100
25 14 140
25 15 90
25 17 20
25 20 180
25 22 20
25 34 150
25 36 170
25 38 120
25 61 80
25 76 80
25 80 200
26 8 100
26 24 70
26 42 40
26 47 80
26 50 160
26 52 140
26 66 10
26 67 190
27 12 200
27 15 20
27 16 80
27 22 180
27 23 100
27 27 170
27 38 130
27 39 190
27 41 80
27 46 60
27 60 30
27 62 160
27 63 180
27 65 90
28 8 70
28 10 190
28 12 120
28 27 70
28 34 200
28 35 10
28 37 90
28 44 20
28 50 180
28 52 160
28 67 190
28 69 30
28 77 170
28 78 20
29 5 100
29 6 80
29 7 100
29 16 30
29 17 180
29 22 120
29 36 150
29 37 160
29 51 60
29 53 20
29 56 30
29 57 140
29 65 120
29 72 50
29 80 30
30 4 170
30 6 30
30 7 20
30 14 80
30 16 180
30 21 120
30 22 60
30 23 150
30 49 80
30 52 130
30 64 40
30 72 130
31 2 200
31 9 200
31 13 200
31 18 80
31 20 180
31 26 20
31 35 150
31 37 30
31 39 70
31 41 50
31 48 40
31 50 190
31 51 200
31 54 20
31 57 90
31 61 120
31 64 70
31 66 170
31 70 70
31 76 120
31 77 30
31 78 190
31 80 100
32 1 30
32 9 130
32 10 120
32 18 90
32 20 60
32 22 140
32 47 110
32 49 60
32 53 190
32 56 80
32 58 90
32 59 80
32 62 180
32 67 50
32 74 120
32 75 150
32 80 110
33 4 200
33 6 60
33 9 150
33 12 40
33 21 70
33 32 90
33 36 100
33 38 160
33 43 90
33 46 90
33 48 180
33 57 190
33 69 10
33 80 40
34 2 10
34 3 50
34 10 40
34 11 130
34 18 160
34 21 170
34 22 120
34 23 30
34 27 100
34 28 30
34 44 30
34 45 170
34 53 140
34 55 10
34 60 180
34 64 60
34 65 10
34 77 190
35 1 160
35 7 30
35 9 60
35 14 10
35 31 30
35 34 180
35 35 170
35 38 110
35 49 20
35 51 80
35 61 40
35 67 40
35 73 90
35 74 160
36 4 100
36 5 120
36 27 160
36 35 20
36 38 10
36 42 20
36 49 30
36 51 90
36 52 20
36 61 150
36 64 110
36 65 180
36 73 80
37 2 20
37 4 160
37 11 120
37 12 80
37 19 80
37 28 130
37 32 90
37 34 160
37 37 70
37 40 10
37 50 90
37 52 140
37 54 140
37 55 10
37 56 100
37 63 170
37 67 30
37 80 80
38 3 100
38 11 70
38 13 180
38 19 190
38 31 20
38 44 30
38 48 200
38 51 90
38 62 10
38 69 30
38 70 170
39 2 60
39 8 80
39 15 110
39 22 30
39 26 130
39 28 70
39 33 70
39 56 180
39 58 100
39 60 160
39 64 150
39 76 140
39 77 140
39 80 60
40 14 90
40 19 80
40 24 30
40 41 70
40 45 200
40 49 20
40 53 60
40 54 100
40 61 120
40 64 80
40 69 120
40 76 10
40 77 200
41 1 20
41 6 30
41 17 110
41 27 80
41 42 60
41 43 200
41 50 140
41 53 50
41 55 100
41 60 80
41 61 80
41 62 50
41 78 30
42 6 190
42 13 110
42 14 110
42 16 120
42 21 180
42 23 160
42 29 190
42 31 170
42 32 200
42 36 30
42 47 80
42 49 130
42 51 160
42 57 20
42 60 100
42 67 160
42 69 150
42 73 80
42 76 40
43 10 10
43 13 160
43 15 80
43 16 140
43 22 40
43 25 170
43 29 40
43 48 10
43 49 160
43 58 20
43 64 120
43 68 130
43 72 140
43 79 140
44 1 40
44 4 60
44 7 170
44 12 60
44 14 70
44 25 30
44 38 160
44 40 50
44 44 10
44 50 110
44 53 70
44 56 80
44 58 120
44 60 10
44 61 200
44 69 20
44 72 70
44 79 110
45 1 120
45 4 100
45 7 80
45 10 110
45 13 20
45 17 150
45 23 120
45 27 150
45 30 40
45 36 120
45 37 80
45 48 90
45 50 10
45 52 160
45 57 20
45 60 120
45 66 70
45 67 90
45 72 90
45 76 120
45 79 80
46 5 170
46 13 120
46 15 70
46 19 200
46 25 150
46 28 130
46 31 160
46 33 200
46 39 160
46 43 100
46 51 60
46 56 200
46 62 130
46 64 70
46 65 20
46 70 20
47 6 140
47 8 100
47 14 30
47 23 150
47 42 200
47 47 180
47 54 20
47 56 80
47 62 200
47 67 180
47 71 20
47 74 180
47 76 110
47 77 130
47 80 110
48 1 150
48 14 80
48 21 190
48 24 100
48 38 190
48 43 180
48 45 10
48 46 50
48 54 150
48 55 150
48 56 90
48 65 60
49 1 140
49 9 130
49 15 140
49 19 50
49 20 80
49 22 70
49 25 30
49 26 60
49 31 80
49 41 110
49 44 140
49 47 180
49 57 70
49 60 30
49 66 60
49 77 170
50 5 90
50 9 40
50 20 40
50 30 40
50 31 90
50 36 140
50 41 70
50 42 140
50 49 90
50 61 200
50 62 50
50 63 20
50 64 70
50 65 70
50 66 180
50 68 30
50 70 30
51 1 140
51 3 190
51 6 80
51 17 30
51 25 40
51 31 80
51 33 60
51 35 130
51 37 160
51 49 170
51 50 60
51 51 200
51 54 200
51 57 150
51 62 100
51 63 160
51 64 80
51 69 150
51 70 170
52 2 20
52 4 150
52 12 100
52 23 170
52 28 100
52 35 120
52 36 160
52 48 190
52 50 170
52 53 30
52 57 50
52 64 110
52 70 40
52 78 40
53 2 10
53 7 90
53 14 30
53 16 60
53 18 180
53 19 100
53 25 130
53 27 130
53 28 90
53 30 30
53 33 50
53 46 130
53 50 20
53 55 80
53 59 170
53 65 40
53 66 40
53 67 130
53 70 150
53 72 90
53 77 120
54 4 70
54 5 180
54 14 80
54 24 60
54 26 70
54 33 50
54 35 20
54 37 30
54 44 120
54 47 50
54 53 40
54 54 100
54 64 190
54 66 120
54 76 140
54 80 130
55 3 20
55 8 10
55 12 170
55 25 50
55 29 110
55 30 40
55 31 50
55 33 140
55 35 160
55 37 180
55 46 20
55 50 100
55 69 40
55 70 10
55 71 150
55 74 150
56 2 30
56 9 60
56 28 130
56 33 20
56 36 120
56 48 40
56 52 190
56 58 70
56 63 110
56 65 10
56 69 80
56 77 90
57 1 190
57 3 90
57 7 140
57 11 50
57 14 80
57 23 30
57 24 160
57 25 30
57 33 40
57 45 130
57 46 90
57 47 190
57 56 160
57 59 170
57 70 20
57 78 60
57 79 140
58 9 200
58 10 120
58 11 130
58 13 40
58 17 50
58 19 200
58 22 70
58 27 50
58 30 60
58 33 10
58 37 150
58 50 100
58 53 170
58 65 130
58 70 190
58 76 180
58 78 30
59 1 130
59 6 70
59 19 80
59 23 90
59 24 20
59 27 180
59 28 130
59 31 110
59 32 150
59 33 110
59 36 50
59 42 200
59 44 170
59 55 150
59 58 160
59 62 160
59 67 50
59 77 40
60 4 90
60 5 130
60 16 170
60 24 180
60 25 50
60 31 40
60 35 10
60 41 40
60 42 20
60 47 70
60 54 80
60 55 120
60 75 90
60 79 70
61 7 170
61 10 170
61 11 200
61 12 130
61 31 20
61 32 20
61 33 180
61 37 80
61 46 90
61 48 10
61 52 40
61 58 90
61 63 170
61 64 160
61 69 10
62 6 50
62 8 180
62 11 130
62 14 170
62 15 100
62 17 30
62 19 20
62 31 110
62 38 10
62 40 170
62 41 120
62 43 140
62 44 100
62 46 180
62 48 80
62 50 150
62 52 10
62 55 100
62 57 190
62 62 180
62 63 20
63 4 180
63 18 190
63 22 70
63 25 90
63 30 190
63 51 140
63 54 50
63 71 10
63 75 40
64 1 50
64 4 180
64 6 30
64 10 130
64 12 80
64 13 180
64 16 80
64 23 190
64 35 120
64 36 80
64 47 90
64 49 90
64 50 40
64 53 40
64 60 80
64 66 130
64 68 30
64 79 10
65 7 30
65 10 60
65 11 80
65 12 140
65 13 150
65 17 160
65 29 170
65 40 120
65 47 190
65 48 170
65 49 110
65 55 110
65 57 160
65 66 170
65 69 130
65 73 200
65 77 90
66 1 140
66 2 130
66 3 40
66 6 140
66 7 90
66 9 190
66 10 140
66 19 140
66 22 200
66 24 140
66 33 180
66 35 160
66 43 50
66 44 90
66 50 170
66 52 170
66 56 60
66 59 170
66 62 40
66 67 200
66 69 170
66 74 70
66 75 50
66 78 80
66 80 100
67 3 160
67 8 190
67 10 180
67 11 20
67 28 60
67 30 120
67 31 140
67 32 130
67 36 90
67 37 100
67 41 30
67 42 180
67 43 110
67 44 50
67 50 150
67 51 170
67 56 110
67 70 200
67 79 60
68 1 80
68 6 50
68 10 150
68 20 150
68 21 130
68 35 30
68 38 10
68 48 130
68 52 190
68 56 150
68 57 140
68 63 50
68 66 170
68 79 30
69 3 130
69 7 150
69 10 50
69 22 110
69 33 60
69 35 60
69 41 130
69 46 130
69 47 40
69 50 110
69 51 200
69 55 10
69 80 70
70 3 60
70 7 180
70 12 50
70 20 30
70 22 60
70 23 120
70 24 200
70 29 180
70 31 150
70 32 80
70 33 160
70 39 150
70 56 60
70 58 150
70 69 190
70 76 60
71 2 70
71 4 10
71 7 170
71 10 40
71 20 50
71 31 170
71 33 190
71 39 80
71 46 70
71 47 10
71 48 90
71 51 20
71 52 60
71 54 200
71 69 40
72 2 50
72 7 130
72 11 180
72 18 40
72 19 130
72 21 40
72 32 190
72 34 20
72 36 40
72 37 190
72 52 50
72 56 60
72 57 200
72 73 110
72 74 110
73 2 150
73 3 40
73 5 180
73 17 20
73 21 90
73 25 180
73 33 110
73 34 200
73 38 100
73 39 200
73 50 170
73 56 150
73 61 60
73 63 40
73 73 90
73 77 200
73 79 10
74 5 90
74 16 20
74 32 50
74 36 200
74 39 110
74 44 140
74 45 100
74 47 90
74 49 140
74 55 70
74 56 110
74 60 100
74 67 150
74 70 130
75 8 120
75 10 190
75 13 170
75 31 190
75 41 10
75 49 120
75 51 170
75 58 130
75 60 30
75 72 150
75 79 40
76 1 100
76 26 70
76 28 110
76 29 110
76 32 90
76 33 140
76 56 10
76 57 180
76 59 190
76 64 130
76 70 140
76 72 40
76 73 200
76 77 70
77 5 40
77 11 150
77 15 60
77 16 10
77 20 110
77 22 180
77 27 40
77 34 160
77 35 50
77 36 30
77 45 140
77 46 50
77 51 10
77 57 90
77 70 40
77 72 40
77 76 140
77 77 60
78 1 120
78 4 70
78 32 90
78 39 160
78 41 70
78 43 20
78 64 160
78 67 10
78 69 120
78 70 20
78 72 110
78 76 70
78 77 30
78 79 10
79 2 60
79 11 130
79 12 80
79 13 200
79 18 80
79 29 80
79 30 140
79 52 160
79 53 90
79 54 70
79 57 50
80 4 180
80 6 120
80 12 140
80 14 10
80 16 10
80 30 170
80 44 130
80 46 90
80 51 160
80 57 90
80 58 150
80 62 30
80 68 130
80 70 20
80 71 150
80 76 140
80 77 20
80 78 30
80 80 170
81 6 120
81 9 100
81 17 20
81 27 90
81 33 30
81 39 10
81 41 100
81 44 70
81 45 100
81 59 180
81 61 180
81 62 10
81 70 140
81 75 10
81 76 200
81 80 20
82 1 100
82 4 90
82 11 60
82 12 80
82 13 200
82 14 160
82 23 150
82 26 170
82 28 80
82 31 90
82 32 120
82 40 80
82 43 190
82 63 80
82 69 10
82 73 10
82 75 80
83 10 20
83 15 200
83 27 110
83 29 20
83 32 30
83 33 10
83 37 40
83 51 50
83 71 200
83 72 180
83 73 60
83 74 130
83 79 180
84 4 150
84 12 130
84 15 200
84 19 190
84 25 60
84 28 40
84 33 20
84 35 70
84 40 40
84 43 80
84 47 130
84 49 190
84 51 160
84 53 180
84 56 200
84 57 90
84 59 40
84 60 40
84 62 100
84 63 50
84 67 50
84 70 110
84 72 100
85 4 40
85 5 80
85 6 60
85 14 30
85 22 170
85 23 150
85 25 150
85 31 160
85 32 60
85 34 80
85 35 130
85 42 200
85 45 10
85 46 60
85 49 30
85 55 200
85 58 10
85 59 50
85 61 110
85 66 30
85 67 110
85 68 50
85 70 100
85 71 30
85 73 20
85 76 190
85 78 110
85 80 190
86 4 180
86 5 170
86 19 200
86 26 70
86 28 60
86 34 30
86 39 160
86 43 60
86 53 160
86 60 10
86 61 120
86 66 150
86 70 160
86 74 90
87 7 170
87 9 140
87 16 90
87 18 60
87 24 200
87 26 80
87 32 120
87 43 170
87 51 90
87 54 80
87 56 70
87 58 80
87 61 30
87 63 110
87 66 160
87 71 100
87 73 90
87 74 160
87 78 180
88 3 110
88 4 200
88 8 100
88 10 10
88 17 180
88 21 70
88 30 80
88 34 100
88 37 100
88 42 20
88 48 80
88 52 30
88 57 100
88 65 160
88 69 80
88 78 200
89 4 110
89 10 50
89 19 190
89 25 50
89 31 30
89 34 120
89 37 150
89 39 180
89 53 190
89 57 30
89 72 120
89 74 40
89 80 180
90 4 190
90 6 20
90 9 200
90 10 40
90 13 30
90 21 100
90 27 90
90 31 110
90 32 50
90 33 140
90 36 190
90 37 80
90 44 170
90 52 20
90 58 200
90 64 100
90 70 20
90 71 140
90 75 180
90 79 80
90 80 40
91 1 120
91 2 180
91 5 200
91 13 50
91 34 100
91 36 170
91 43 80
91 49 90
91 56 160
91 57 200
91 58 110
91 69 160
91 72 180
91 76 20
91 80 160
92 6 80
92 7 80
92 12 170
92 13 30
92 15 140
92 16 170
92 17 20
92 23 40
92 24 20
92 31 200
92 39 20
92 41 110
92 51 80
92 56 90
92 59 150
92 66 20
92 68 100
92 73 100
92 74 10
92 80 160
93 9 40
93 11 20
93 15 200
93 28 90
93 36 40
93 40 160
93 41 40
93 46 10
93 48 60
93 49 90
93 50 160
93 54 80
93 55 140
93 56 150
93 58 150
93 59 200
93 67 170
93 69 150
93 71 10
93 78 100
94 8 70
94 11 70
94 13 130
94 22 130
94 24 80
94 29 80
94 33 90
94 34 90
94 47 160
94 54 100
94 58 40
94 66 30
94 72 110
94 73 110
94 74 70
95 6 170
95 7 40
95 18 170
95 26 30
95 38 70
95 42 120
95 44 110
95 57 90
95 62 140
95 63 10
95 74 140
95 76 180
96 3 70
96 4 150
96 19 20
96 25 50
96 35 90
96 37 170
96 38 200
96 41 20
96 43 190
96 44 160
96 50 150
96 53 80
96 56 10
96 64 70
96 66 20
97 9 100
97 21 160
97 33 70
97 35 70
97 38 100
97 41 100
97 56 50
97 60 120
97 63 60
97 65 170
97 68 80
97 69 180
97 70 120
97 73 40
98 2 160
98 11 130
98 14 170
98 19 190
98 20 150
98 25 160
98 27 80
98 28 10
98 43 110
98 49 140
98 60 170
98 62 100
98 63 60
98 66 60
98 77 30
99 5 30
99 7 70
99 13 70
99 14 110
99 18 100
99 23 120
99 31 130
99 39 180
99 42 10
99 46 170
99 51 10
99 55 170
99 56 140
99 58 110
99 62 60
99 65 170
99 76 40
99 78 70
100 8 90
100 11 150
100 19 130
100 21 190
100 36 60
100 37 70
100 38 150
100 40 180
100 41 160
100 44 80
100 47 150
100 50 60
100 53 80
100 56 160
100 58 80
100 66 60
100 67 30
100 75 160
100 76 190
