200 150
136 196
186 183
136 88
30 92
6 7
23 97
117 199
117 80
88 31
148 171
79 82
94 198
110 40
199 119
175 134
88 116
130 93
27 131
153 121
197 152
1 139
127 11
46 161
37 38
53 12
142 141
136 26
118 158
139 200
81 101
120 54
196 17
56 108
61 59
141 57
117 111
148 84
158 91
17 66
104 177
1 135
136 40
103 75
37 189
76 42
130 28
131 55
186 24
81 10
7 99
116 89
108 89
24 114
53 158
76 121
135 143
26 2
99 70
57 86
111 187
17 187
166 126
48 167
38 198
198 36
19 67
61 7
26 181
25 128
170 193
108 78
108 141
108 133
67 114
196 158
11 145
48 127
186 129
168 191
148 167
22 163
117 8
129 111
134 102
12 55
127 133
163 151
127 66
22 89
44 160
191 12
193 86
144 157
125 172
155 190
132 156
27 110
167 2
131 176
81 48
36 31
160 3
6 198
190 32
142 31
173 194
148 88
42 145
110 171
118 8
81 182
30 76
131 198
25 142
172 72
56 192
6 24
126 84
188 83
147 174
152 35
121 60
9 185
171 77
143 98
44 14
82 140
104 89
79 194
167 18
76 47
186 14
104 159
163 21
129 133
181 180
185 121
53 106
23 151
55 184
168 165
9 126
101 66
84 106
31 3
189 73
153 55
170 160
22 141
88 157
60 30 90 70 40 10 10 80 70 90 60 80 50 60 40 40 100 90 10 100 30 40 30 60 30 10 30 90 80 20 50 10 40 30 90 80 100 20 80 10 30 20 50 100 20 80 90 100 60 70 70 100 30 60 20 30 10 80 30 70 100 70 90 20 60 60 80 90 90 30 60 10 30 70 70 90 10 20 40 80 30 80 70 50 20 20 50 30 90 20 20 10 40 40 50 30 60 40 70 10 40 50 10 90 40 100 10 40 90 70 70 90 90 100 90 40 70 50 80 80 50 90 70 70 30 80 50 50 20 90 50 60 70 60 70 20 30 80 90 80 30 80 80 80 50 80 60 20 80 20 50 50 80 60 90 100 20 90 50 70 20 80 40 50 90 20 40 90 90 30 70 60 30 70 40 70 40 10 80 40 80 90 50 40 70 90 90 20 80 30 10 80 80 40 40 20 20 10 90 40 
80
40 40 0 80 0 20 80 0 80 60 80 0 60 80 40 20 20 20 60 0 80 20 20 20 60 20 40 20 40 80 80 80 0 40 40 80 60 0 40 0 40 40 80 80 20 0 20 40 60 40 40 40 20 20 20 80 60 0 40 60 80 60 40 40 20 80 0 0 40 80 20 0 40 80 80 80 60 80 40 80 
1624
1 27 70
1 47 100
1 56 120
1 62 130
1 66 110
2 5 80
2 9 110
2 47 90
2 48 90
2 54 80
2 55 70
2 61 200
2 62 80
2 66 160
2 68 130
2 73 40
3 21 30
3 26 100
3 27 160
3 35 20
3 42 30
3 43 100
3 67 180
3 74 40
4 7 20
4 10 140
4 13 50
4 22 80
4 26 150
4 37 140
4 44 50
4 49 150
4 50 90
4 61 20
4 77 70
5 3 40
5 10 110
5 13 180
5 25 160
5 28 80
5 31 110
5 38 160
5 39 50
5 48 170
5 68 130
5 73 140
6 7 180
6 10 140
6 11 30
6 13 180
6 18 100
6 37 150
6 46 160
6 56 40
6 73 70
7 1 80
7 5 50
7 40 20
7 49 50
7 78 180
7 80 90
8 9 160
8 25 130
8 60 200
8 63 10
9 4 10
9 18 50
9 20 130
9 31 170
9 35 80
9 36 100
9 42 120
9 48 190
9 50 120
9 55 30
9 71 180
10 4 60
10 25 190
10 29 90
10 37 190
10 63 50
10 75 180
10 77 90
10 79 70
11 18 30
11 22 60
11 31 20
11 32 100
11 47 130
11 55 60
11 61 120
11 64 10
11 67 10
11 77 110
12 2 170
12 39 190
12 45 160
12 51 10
12 59 50
12 73 200
13 3 140
13 7 20
13 19 180
14 15 10
14 25 100
14 29 140
14 31 110
14 52 10
14 53 170
14 54 70
15 7 140
15 17 120
15 31 70
15 46 50
15 75 20
16 4 20
16 17 170
16 27 180
16 30 20
16 58 50
16 60 120
16 76 120
17 3 110
17 6 50
17 20 190
17 26 150
17 31 60
17 35 160
18 6 170
18 10 150
18 33 80
18 35 130
18 39 80
18 45 200
18 51 160
18 54 10
18 74 160
18 79 40
19 5 20
19 35 170
19 41 20
19 44 40
19 53 50
19 72 120
19 78 150
20 14 120
20 43 70
20 55 100
20 60 120
20 62 30
20 63 170
20 65 30
20 68 60
20 69 150
20 74 170
21 9 110
21 11 130
21 21 160
21 24 130
21 41 180
21 48 160
21 52 80
21 74 50
22 6 50
22 7 10
22 21 110
22 34 190
22 52 180
22 54 180
22 55 60
22 58 20
22 70 80
23 1 190
23 3 150
23 22 70
23 23 150
23 35 110
23 36 140
23 49 130
23 58 20
23 76 50
24 3 10
24 6 50
24 8 20
24 16 60
24 18 80
24 30 100
24 37 120
24 48 140
24 50 90
24 57 200
24 58 140
24 61 50
24 73 80
24 77 130
25 25 30
25 28 20
25 32 120
25 67 80
25 68 190
26 6 180
26 28 50
26 35 20
26 44 140
26 63 140
27 17 140
27 27 10
27 40 80
27 44 10
27 52 190
27 54 130
27 55 30
27 56 10
27 66 30
27 74 100
28 2 160
28 3 40
28 25 90
28 28 80
28 51 60
28 57 50
28 59 20
28 62 150
28 63 170
28 72 10
28 76 110
29 25 30
29 30 10
29 32 100
29 36 150
29 38 70
29 56 140
29 59 190
29 68 150
29 69 110
29 72 160
30 6 190
30 46 180
30 47 100
30 48 50
30 74 110
30 76 80
31 8 150
31 11 20
31 18 30
31 26 50
31 35 140
31 38 90
31 48 80
31 51 190
31 76 160
31 80 140
32 4 180
32 16 80
32 19 150
32 21 80
32 23 200
32 31 180
32 35 60
32 41 190
32 55 100
32 72 190
32 79 160
33 5 100
33 11 160
33 18 160
33 23 110
33 24 60
33 36 60
33 41 10
33 53 160
33 55 60
33 65 20
33 69 50
33 73 180
33 78 110
34 1 40
34 13 20
34 29 40
34 36 120
34 43 20
34 49 180
34 61 180
34 69 110
34 80 170
35 2 170
35 8 140
35 23 20
35 24 200
35 46 130
35 55 130
35 56 40
35 59 60
35 72 140
35 78 180
36 41 130
36 47 100
36 48 200
36 64 140
36 67 90
36 78 70
37 2 190
37 7 130
37 30 60
37 38 30
37 46 60
37 51 40
37 71 200
38 32 160
38 52 20
38 70 160
38 73 10
39 4 150
39 5 30
39 12 170
39 38 30
39 42 200
39 47 180
39 48 10
39 63 10
39 66 90
40 6 30
40 25 120
40 28 110
40 54 10
40 59 160
40 67 180
40 69 70
41 39 180
41 45 100
41 59 40
41 63 200
41 77 120
42 6 130
42 7 50
42 10 190
42 40 10
42 41 160
42 49 90
42 74 130
42 78 30
43 27 140
43 59 150
44 15 170
44 17 70
44 42 160
44 48 110
44 53 70
44 59 40
44 61 70
44 64 90
44 68 50
44 79 100
45 2 200
45 8 100
45 16 130
45 23 50
45 58 190
45 60 40
45 68 120
45 79 190
46 9 150
46 15 90
46 23 50
46 30 80
46 35 200
46 37 120
46 61 170
46 70 20
47 1 20
47 11 160
47 14 190
47 32 40
47 33 40
47 56 50
47 61 60
47 63 170
47 66 60
48 39 100
48 68 100
48 70 160
48 76 20
49 5 170
49 17 180
49 64 60
49 66 80
49 70 40
49 76 90
49 77 70
50 14 170
50 44 180
50 59 150
50 72 50
50 73 140
51 1 10
51 17 130
51 26 110
51 38 200
51 61 110
52 4 100
52 25 40
52 27 140
52 29 180
52 36 20
52 45 100
52 50 170
52 53 150
52 63 190
52 65 120
52 71 120
52 75 120
53 3 180
53 9 120
53 12 150
53 19 80
53 22 140
53 40 160
53 41 90
53 44 160
53 57 160
53 59 80
53 71 190
53 76 30
53 77 90
53 80 200
54 10 50
54 18 10
54 32 120
54 36 140
54 44 150
54 49 190
54 55 30
54 56 130
55 10 110
55 12 100
55 16 10
55 35 180
55 41 140
55 47 140
55 52 40
55 57 10
55 63 100
55 69 170
56 3 120
56 9 20
56 12 60
56 18 140
56 29 40
56 30 40
56 45 80
56 50 10
56 64 50
56 65 110
56 72 140
56 78 60
56 79 50
57 8 120
57 21 80
57 30 120
57 40 80
57 41 170
57 48 180
57 51 170
57 60 10
57 62 90
58 39 160
58 40 70
58 69 90
59 26 110
59 36 70
59 42 130
59 49 190
59 51 50
59 70 180
60 2 60
60 6 120
60 8 20
60 10 190
60 14 130
60 42 40
60 50 170
60 68 90
60 71 40
60 77 90
61 16 200
61 27 10
61 30 40
61 52 70
61 61 60
61 80 90
62 43 130
62 51 120
62 73 130
62 75 50
63 37 130
63 46 90
63 48 130
63 60 130
64 3 150
64 17 130
64 20 110
64 49 40
64 54 200
64 79 200
65 13 40
65 25 190
65 26 140
65 31 20
65 35 30
65 44 40
66 8 30
66 12 140
66 15 70
66 17 150
66 18 10
66 19 80
66 34 100
66 40 190
66 50 130
66 62 140
66 79 160
67 11 50
67 13 60
67 33 30
67 34 80
67 53 120
67 65 60
67 66 120
67 75 40
68 20 80
68 25 60
68 38 20
68 42 40
68 44 80
68 49 160
68 54 130
68 58 150
68 59 200
68 62 180
68 66 180
68 67 80
69 2 160
69 14 100
69 16 90
69 36 20
69 41 160
69 43 130
69 46 60
69 58 180
69 59 70
69 73 170
69 76 40
70 3 40
70 6 140
70 10 50
70 14 70
70 17 200
70 23 100
70 25 150
70 36 200
70 41 60
70 78 30
71 1 100
71 8 180
71 10 180
71 19 190
71 34 150
71 51 190
71 60 130
71 62 50
71 64 200
71 76 90
71 80 30
72 5 190
72 17 160
72 19 40
72 21 120
72 25 90
72 26 50
72 46 200
72 59 10
72 68 50
72 78 30
73 13 10
73 21 180
73 33 70
73 40 140
73 41 50
73 54 190
73 66 90
73 75 130
74 7 20
74 13 200
74 25 90
74 29 20
74 38 90
74 44 190
74 71 190
75 7 10
75 16 190
75 28 10
75 45 190
75 50 30
75 66 190
75 75 40
76 13 90
76 14 140
76 52 170
76 61 120
76 68 90
76 70 130
77 8 10
77 18 100
77 39 200
77 47 120
77 54 30
77 57 130
77 74 80
77 79 80
78 4 180
78 16 70
78 34 40
78 35 80
78 37 30
78 39 140
78 44 120
78 52 140
78 57 140
78 63 130
78 70 180
78 76 200
79 1 120
79 2 100
79 8 70
79 10 180
79 16 100
79 20 150
79 62 200
79 64 150
79 78 90
80 2 180
80 12 10
80 17 100
80 20 80
80 27 50
80 33 80
80 34 90
80 35 190
80 69 90
81 20 20
81 23 20
81 24 30
81 29 130
81 43 180
82 5 140
82 21 90
82 27 40
82 51 170
82 53 140
82 66 10
82 72 90
82 75 100
83 2 120
83 8 140
83 41 30
83 46 80
83 56 160
83 79 20
84 56 100
84 80 80
85 25 30
85 43 40
85 47 180
85 50 120
85 67 90
85 69 10
86 11 140
86 33 120
86 55 90
86 56 100
86 59 40
86 64 180
87 33 40
87 36 160
87 38 40
87 46 20
87 48 30
87 65 10
87 68 200
87 74 110
87 77 170
88 8 110
88 18 10
88 22 80
88 26 20
88 53 60
88 59 190
88 63 110
89 2 180
89 8 140
89 13 60
89 21 40
89 23 50
89 24 170
89 38 80
89 44 190
89 69 60
89 71 50
90 7 90
90 12 80
90 63 30
91 7 10
91 28 10
91 32 120
91 49 60
91 58 180
91 61 180
91 70 150
91 72 140
91 73 20
91 74 30
92 25 10
92 44 150
92 47 50
92 61 110
92 64 140
93 13 100
93 18 50
93 31 180
93 34 80
93 35 200
93 39 100
93 51 10
94 6 70
94 7 110
94 17 150
94 19 120
94 44 90
94 45 100
95 7 50
95 9 170
95 25 10
95 28 110
95 35 20
95 63 190
95 66 90
96 18 190
96 36 160
96 52 190
96 53 80
96 57 30
96 60 90
96 61 60
96 66 30
96 73 80
96 74 20
96 75 60
97 3 20
97 5 40
97 25 100
97 49 140
97 59 170
97 73 20
98 4 190
98 20 10
98 24 100
98 36 100
98 48 90
98 60 100
98 61 70
98 64 170
99 9 170
99 23 60
99 34 170
99 44 120
99 47 30
99 52 70
99 53 110
99 54 20
99 77 40
100 2 100
100 8 200
100 10 120
100 15 50
100 20 160
100 21 200
100 22 110
100 23 80
100 26 60
100 58 70
100 77 120
100 80 190
101 1 190
101 25 60
101 51 170
101 59 10
101 61 130
101 64 70
101 73 80
101 74 10
102 1 120
102 5 200
102 6 190
102 9 140
102 10 110
102 28 80
102 30 110
102 32 100
102 39 10
102 46 40
102 54 200
102 55 20
102 56 30
102 61 190
102 71 80
103 11 150
103 13 20
103 38 70
103 41 120
103 42 200
103 54 60
103 66 180
104 10 180
104 13 130
104 20 160
104 25 40
104 31 40
104 32 10
104 43 80
104 77 10
104 79 200
105 16 20
105 63 70
106 1 190
106 5 20
106 22 170
106 29 100
106 41 60
106 42 20
106 45 160
106 52 180
106 65 60
106 66 20
106 68 150
106 70 110
106 77 50
107 8 30
107 13 180
107 20 70
107 46 70
107 55 50
107 56 60
107 59 20
107 63 110
107 66 10
107 75 140
107 79 110
108 21 120
108 34 20
108 70 110
109 14 200
109 21 160
109 26 130
109 27 130
109 33 180
109 34 110
109 35 90
109 44 200
109 60 100
109 79 40
109 80 180
110 2 40
110 7 90
110 20 30
110 29 90
110 39 160
110 45 170
110 50 20
111 14 130
111 32 20
111 38 110
111 46 130
111 53 80
112 5 30
112 22 20
112 25 10
112 34 170
112 40 30
112 51 140
112 57 100
112 65 100
112 70 100
112 75 170
113 18 180
113 29 10
113 34 190
113 41 90
113 64 200
113 66 60
113 73 80
113 77 150
114 4 30
114 18 150
114 33 70
114 35 200
114 46 80
114 47 120
114 64 60
114 66 40
114 67 70
114 70 80
114 75 160
115 1 150
115 45 40
115 57 10
115 67 30
116 13 60
116 16 160
116 20 80
116 27 40
116 31 50
116 41 100
116 51 160
116 73 50
117 2 60
117 6 90
117 8 20
117 13 20
117 18 60
117 24 20
117 25 160
117 33 90
117 35 10
117 52 120
117 55 80
117 63 70
117 65 170
117 73 100
118 4 30
118 9 20
118 19 110
118 21 100
118 44 200
118 45 30
118 60 100
118 63 90
118 69 40
118 78 150
118 79 120
119 17 90
119 28 190
119 35 120
119 38 150
119 41 40
119 49 110
119 63 150
119 77 40
120 30 100
120 35 180
120 37 160
120 39 60
120 53 50
120 54 50
120 55 30
120 59 130
120 76 200
121 5 110
121 8 20
121 12 50
121 13 150
121 22 40
121 32 130
121 48 160
121 49 80
121 54 60
121 67 40
121 68 30
121 74 160
121 80 120
122 6 140
122 9 160
122 20 190
122 21 140
122 28 170
122 29 70
122 44 110
122 50 190
122 72 160
122 73 130
123 6 70
123 10 160
123 17 150
123 22 140
123 64 80
123 74 80
124 6 140
124 26 130
124 27 200
124 31 140
124 74 30
125 14 50
125 49 140
125 58 170
125 66 150
125 73 80
125 78 40
126 3 50
126 10 150
126 17 90
126 28 50
126 44 90
126 54 10
126 55 80
126 57 30
126 61 200
126 74 50
126 78 150
127 7 160
127 15 200
127 41 150
127 44 160
127 74 120
128 23 130
128 25 190
128 34 20
128 38 150
128 49 160
128 53 200
128 54 50
128 80 50
129 2 30
129 8 170
129 25 100
129 35 50
129 43 30
129 55 20
129 74 30
130 18 80
130 24 90
130 45 140
130 49 100
130 54 200
131 7 40
131 15 110
131 27 50
131 38 190
131 48 90
131 62 40
131 67 200
131 68 70
131 70 200
132 3 200
132 9 60
132 12 170
132 14 200
132 20 50
132 23 130
132 29 10
132 33 10
132 38 180
132 42 140
132 45 120
132 55 80
132 72 160
132 74 50
133 1 140
133 18 120
133 25 170
133 39 200
133 57 40
133 71 190
134 26 170
134 28 170
134 38 170
134 42 150
134 65 130
135 43 110
135 46 80
135 64 160
135 72 80
136 22 40
136 23 20
136 35 30
136 49 50
136 51 70
136 70 50
137 6 160
137 13 180
137 20 130
137 22 70
137 39 110
137 51 170
137 55 120
137 73 110
138 11 100
138 14 100
138 27 130
138 39 160
138 57 30
139 1 10
139 7 40
139 29 140
139 41 90
139 49 160
139 52 20
139 68 170
140 1 20
140 6 10
140 13 150
140 29 100
140 32 140
140 38 50
140 44 100
140 48 130
140 63 110
140 69 160
141 5 140
141 24 60
141 30 130
141 35 160
141 43 20
141 45 50
141 51 40
141 55 120
141 64 10
142 14 50
142 21 40
142 27 40
142 29 130
142 38 140
142 40 150
142 46 140
142 62 40
142 69 170
142 71 80
142 77 180
142 79 140
143 18 170
143 39 60
143 43 190
143 49 170
143 56 160
143 68 20
143 72 180
143 79 40
144 2 160
144 6 90
144 38 170
144 50 20
144 53 60
144 58 130
144 60 150
145 10 10
145 17 70
145 20 190
145 35 170
145 42 100
145 50 70
145 57 190
145 58 190
145 69 100
145 71 150
145 72 180
145 79 10
145 80 150
146 26 200
146 39 10
146 42 180
146 50 80
146 52 30
146 66 130
146 68 130
146 76 200
146 77 120
147 3 130
147 5 110
147 41 80
147 70 150
148 4 170
148 26 200
148 41 10
148 49 10
148 50 10
148 73 50
149 27 200
149 29 70
149 32 180
149 50 40
150 12 30
150 16 70
150 23 140
150 24 90
150 31 170
150 36 100
150 43 50
150 48 100
150 50 160
150 63 120
151 26 150
151 30 100
151 39 10
151 58 50
151 62 130
151 64 190
152 14 110
152 18 120
152 31 90
152 36 150
152 45 80
152 50 160
152 78 100
153 3 30
153 8 100
153 11 150
153 15 80
153 16 150
153 22 90
153 23 80
153 41 180
153 71 80
153 75 160
154 15 10
154 43 20
154 60 150
154 62 40
155 11 130
155 22 110
155 25 110
155 35 10
156 26 120
156 28 180
156 42 30
156 48 70
156 66 100
156 78 160
157 8 180
157 23 100
157 24 160
157 48 170
157 55 80
157 64 130
157 67 50
157 71 70
158 15 150
158 22 150
158 39 110
158 57 200
158 62 70
158 74 100
158 76 130
159 14 70
159 18 150
159 23 100
159 27 100
159 30 20
159 42 90
159 50 80
159 56 200
159 62 90
159 78 20
159 80 60
160 11 150
160 15 20
160 16 110
160 28 190
160 33 10
160 53 70
160 77 80
161 3 10
161 7 170
161 39 140
161 47 70
161 80 130
162 14 70
162 24 90
162 30 50
162 56 110
162 59 100
163 2 60
163 6 120
163 31 150
163 39 10
163 45 80
163 47 170
163 60 130
164 2 110
164 9 120
164 27 10
164 33 50
164 34 140
164 41 10
164 43 180
164 56 120
164 58 90
165 7 100
165 8 20
165 26 80
165 36 30
165 48 120
165 53 120
165 63 10
166 18 130
166 35 100
166 41 90
166 47 20
166 53 130
166 70 190
166 75 40
166 77 90
166 78 150
167 4 30
167 11 190
167 14 150
167 16 170
167 20 100
167 29 70
167 48 110
167 49 140
167 60 200
167 69 60
167 74 20
168 16 200
168 48 70
168 50 140
168 52 80
168 68 10
168 76 180
169 25 20
169 37 70
169 38 30
169 49 200
169 67 130
169 69 20
169 70 150
170 9 120
170 16 70
170 27 160
170 37 80
170 40 150
170 50 130
170 51 80
170 71 80
170 74 190
170 76 200
171 13 90
171 34 40
171 38 60
171 39 200
171 40 120
171 61 170
171 62 160
171 66 110
171 78 80
172 1 20
172 3 150
172 5 40
172 18 160
172 22 20
172 45 100
172 55 50
172 61 180
173 8 190
173 9 30
173 11 10
173 15 70
173 18 30
173 26 150
173 48 140
173 49 90
173 60 100
173 66 190
173 67 50
174 36 90
174 42 140
174 46 40
174 47 120
174 50 150
174 60 80
174 61 60
174 63 90
174 64 200
175 23 100
175 31 200
175 32 200
175 50 110
175 69 180
175 74 140
176 8 30
176 9 130
176 21 170
176 24 150
176 27 120
176 44 130
176 53 60
176 56 100
177 1 30
177 9 150
177 14 140
177 17 40
177 18 140
177 20 110
177 33 60
177 35 170
177 42 170
177 48 90
177 50 10
177 56 200
177 65 30
177 73 170
177 80 190
178 23 140
178 28 120
178 43 120
178 45 60
178 48 20
178 55 10
178 75 190
179 5 60
179 10 120
179 20 120
179 41 200
179 55 90
179 62 200
179 64 120
180 4 190
180 11 100
180 25 100
180 49 130
180 55 60
180 59 50
180 61 30
180 69 20
180 74 120
181 15 100
181 35 140
181 37 90
181 40 70
181 44 130
181 46 110
181 47 90
181 48 10
181 58 130
181 67 180
181 76 150
182 6 100
182 14 180
182 20 50
182 41 50
182 54 60
182 55 110
182 57 70
182 59 170
182 66 170
182 78 80
183 7 160
183 8 110
183 12 180
183 22 110
183 29 10
183 31 50
183 40 30
183 63 160
184 11 90
184 12 100
184 18 30
184 19 170
184 21 100
184 32 30
184 33 140
184 42 30
184 62 50
184 73 50
184 75 200
185 9 170
185 21 140
185 22 170
185 29 80
185 32 150
185 35 60
185 39 130
185 45 150
185 48 110
185 53 90
185 70 70
185 74 40
185 77 200
185 78 20
185 80 10
186 4 160
186 7 180
186 8 40
186 12 170
186 39 200
186 67 80
186 77 110
186 80 110
187 4 50
187 7 110
187 28 200
187 39 80
187 40 130
187 49 10
187 80 60
188 4 150
188 18 30
188 37 150
188 38 110
188 42 190
188 47 30
188 48 40
188 51 160
188 63 90
188 77 150
189 15 110
189 21 20
189 24 50
189 32 190
189 33 40
189 34 100
189 51 70
189 63 190
189 73 150
189 75 50
190 2 90
190 4 120
190 8 140
190 12 10
190 40 120
190 46 120
190 47 200
190 55 30
190 64 50
190 67 50
190 71 70
190 73 10
190 75 40
191 22 130
191 28 10
191 30 60
191 53 90
191 59 40
191 71 60
191 73 40
191 78 150
192 1 30
192 16 70
192 27 50
192 30 180
192 31 160
192 36 180
192 40 160
192 58 50
192 64 120
192 73 130
192 77 180
193 1 60
193 9 140
193 12 10
193 20 30
193 26 90
193 53 80
193 70 70
193 72 130
193 77 110
194 14 200
194 25 90
194 26 180
194 32 180
194 47 180
194 54 10
194 70 180
195 12 200
195 19 40
195 21 190
195 29 200
195 42 170
195 46 110
195 59 40
196 8 200
196 20 80
196 34 190
196 74 130
197 3 50
197 4 10
197 24 200
197 26 50
197 35 40
197 59 70
197 69 40
197 70 80
197 72 170
198 5 80
198 11 50
198 12 120
198 26 130
198 28 170
198 37 10
198 43 160
198 61 150
198 75 140
199 7 130
199 10 120
199 19 130
199 25 100
199 31 180
199 49 120
199 55 20
199 60 110
199 65 140
199 78 150
200 5 100
200 6 10
200 11 90
200 13 80
200 14 50
200 17 30
200 29 120
200 37 20
200 38 20
200 41 30
200 43 200
200 49 170
200 64 170
200 77 10
