500 650
31 257
216 395
279 281
370 228
71 474
331 131
137 471
403 277
406 421
82 86
400 237
204 184
326 88
203 48
152 43
176 201
59 426
186 252
223 157
467 96
399 105
415 455
360 280
90 380
105 219
221 258
376 362
237 454
251 162
221 211
257 40
323 344
65 58
238 99
157 328
389 490
252 74
161 118
362 148
211 301
132 402
237 409
358 133
90 395
267 312
376 37
25 208
385 388
400 251
230 256
238 472
496 292
59 112
23 266
148 151
454 91
157 286
179 234
181 431
279 187
257 77
39 134
49 452
492 433
151 129
213 27
238 218
458 480
497 193
228 294
143 15
365 393
253 273
65 109
35 275
61 110
110 254
467 399
148 249
179 54
179 109
132 432
61 88
457 368
485 78
389 314
14 442
213 464
144 411
338 430
298 166
343 276
450 163
132 356
273 364
291 390
80 95
429 207
218 153
252 367
335 200
118 16
312 354
396 117
272 22
371 274
363 135
274 129
369 183
99 153
229 346
198 466
150 318
175 268
365 241
8 28
348 481
367 11
399 217
454 315
163 462
350 463
80 177
499 182
14 193
308 439
387 336
499 493
131 15
31 494
368 201
5 97
286 397
234 116
256 190
44 21
341 374
159 498
267 297
171 285
471 84
288 170
294 478
412 381
223 296
112 449
21 232
255 425
425 270
480 282
442 202
397 63
95 164
345 67
187 195
176 222
148 250
367 469
237 136
448 465
106 212
497 479
249 384
1 324
21 290
492 98
211 246
338 223
267 13
85 334
199 377
294 224
82 105
330 372
358 140
181 78
5 328
1 455
469 130
182 131
258 62
371 200
416 361
167 70
402 276
140 407
11 249
21 140
379 206
81 128
216 278
1 355
98 441
221 63
199 455
9 438
249 138
218 250
44 267
307 192
459 197
249 375
157 165
369 227
411 321
202 115
377 290
355 194
145 56
291 380
396 127
69 322
331 206
479 16
165 42
326 101
277 160
179 319
216 150
465 405
430 478
98 274
5 267
181 98
198 46
256 378
186 99
450 381
469 428
165 373
25 5
481 290
184 177
399 481
338 358
168 500
415 255
363 490
319 84
198 310
97 136
48 83
203 265
403 490
459 391
59 421
387 128
23 78
426 442
203 473
412 136
194 10
103 264
39 272
10 151
101 417
270 210
426 468
129 248
67 461
23 373
145 321
179 89
197 434
203 274
20 146
32 401
9 192
204 59
467 113
388 473
374 446
221 254
284 476
168 66
159 443
63 261
82 114
296 454
318 239
61 305
106 114
101 47
69 70
345 191
407 247
229 37
70 261
152 126
112 16
25 277
268 174
184 316
284 340
302 68
63 41
35 319
212 286
379 144
369 119
44 227
143 41
83 42
496 86
39 356
23 172
381 102
321 76
348 351
148 51
110 34
438 354
110 260
355 306
446 91
437 313
138 64
307 413
262 263
229 281
403 42
171 173
458 438
293 325
335 7
293 407
317 414
267 328
340 108
481 408
120 456
238 446
415 253
286 180
213 218
361 377
343 147
105 417
197 271
85 425
260 231
312 52
492 211
363 424
343 268
294 333
82 394
359 220
348 341
216 242
201 53
455 231
467 162
429 279
49 252
338 101
180 141
229 492
472 304
213 490
423 489
255 93
450 392
255 458
12 383
441 16
395 83
119 111
500 449
255 113
25 118
32 104
222 460
438 91
249 259
190 178
242 151
400 115
194 102
197 468
134 189
58 461
484 320
413 435
467 173
432 299
198 188
268 486
118 452
102 42
479 153
344 490
107 327
237 420
145 356
424 40
208 451
25 201
241 494
96 140
8 30
44 239
95 436
393 115
145 444
434 407
224 73
123 92
298 491
431 289
128 434
208 304
277 417
330 22
437 322
46 313
195 160
364 178
256 269
388 254
390 98
31 197
431 62
321 300
81 48
48 11
97 100
452 177
242 158
389 148
433 4
229 472
415 337
160 428
256 134
377 480
253 441
333 72
448 401
348 36
369 430
438 469
467 334
444 254
377 250
67 77
35 437
277 2
399 25
336 352
123 467
368 352
297 410
170 295
458 489
429 469
167 322
423 180
350 296
92 3
312 283
179 314
85 432
305 29
406 378
159 15
372 332
25 390
91 386
123 83
103 254
211 52
399 306
399 215
423 302
371 305
387 385
192 102
465 436
425 194
385 449
199 254
69 498
345 248
25 323
307 152
256 116
313 50
337 231
297 465
468 51
354 295
499 211
200 113
372 257
64 226
39 427
307 108
341 416
434 26
386 259
106 282
327 352
106 400
456 340
242 428
346 322
159 68
464 347
281 40
403 452
302 118
292 192
165 367
319 224
448 154
255 129
146 194
168 306
150 49
249 10
476 349
81 453
28 210
107 146
371 442
255 261
168 427
298 130
358 426
326 188
315 386
35 406
104 124
37 352
345 133
159 253
379 388
298 162
137 249
92 11
446 420
475 233
292 121
208 349
346 384
36 460
209 6
496 423
20 490
227 249
106 169
330 220
9 426
448 282
332 26
34 42
103 480
423 17
29 76
101 478
326 197
457 308
107 289
333 38
413 486
473 420
51 428
82 407
200 395
179 395
499 436
280 211
41 287
323 4
376 180
437 375
475 303
317 192
198 253
127 60
431 245
370 148
66 243
461 353
302 437
56 316
174 149
330 52
37 225
465 165
28 418
340 105
272 92
38 488
47 373
123 86
8 142
262 268
8 165
168 192
184 239
262 377
22 304
360 268
289 248
166 354
371 146
233 351
345 374
61 460
114 418
394 491
338 212
93 196
307 273
59 476
418 243
239 231
28 139
227 215
293 270
348 466
182 289
389 87
345 193
489 357
99 404
182 285
393 140
188 37
62 294
98 195
106 334
425 282
229 296
431 118
376 290
456 79
303 211
354 352
340 321
221 462
381 452
113 114
166 277
14 355
113 441
61 295
423 275
30 60 60 100 90 80 60 70 100 80 10 50 50 10 20 100 20 40 30 20 100 100 50 30 90 50 50 10 10 40 40 10 90 80 70 90 100 80 20 80 50 10 30 90 20 10 30 60 60 90 40 80 60 40 80 80 70 50 60 50 50 90 20 10 80 80 50 30 60 100 90 40 40 80 50 40 30 30 10 100 80 30 20 10 40 100 60 20 30 50 40 50 10 50 50 10 70 80 50 90 20 100 40 10 100 10 30 40 60 20 50 60 80 20 30 70 80 100 20 60 90 10 10 60 90 100 80 70 40 60 20 50 20 30 80 80 30 60 10 40 50 90 30 10 90 80 80 20 90 50 20 20 100 10 40 90 70 20 20 40 80 60 30 50 30 90 60 40 90 30 80 90 40 100 50 70 30 30 30 50 30 60 10 50 10 40 50 20 10 100 60 10 20 60 30 30 90 20 50 60 60 50 40 20 90 50 80 10 80 20 50 70 40 80 60 60 80 100 80 60 10 20 60 20 80 80 10 90 40 90 100 80 100 90 60 70 50 20 90 100 80 90 70 80 100 10 40 30 30 50 30 10 70 50 50 100 100 40 70 90 60 20 80 100 90 100 10 90 20 10 20 80 50 80 80 70 10 70 60 90 30 20 50 20 20 30 10 20 50 90 40 10 90 40 70 30 70 80 30 90 10 90 10 60 50 40 50 50 50 20 50 70 90 70 60 100 80 100 80 20 100 100 80 70 50 70 40 40 60 70 40 50 50 90 10 20 30 100 70 80 80 80 60 30 70 40 10 30 10 90 70 10 30 20 40 10 100 70 80 90 90 100 20 60 20 70 60 90 90 40 90 20 10 80 60 80 100 100 100 80 50 100 30 40 50 90 60 80 30 50 40 10 100 90 10 40 20 70 30 40 20 20 90 100 100 100 90 10 60 80 20 60 20 30 40 30 20 50 70 10 100 90 50 90 100 80 60 80 100 60 70 70 50 70 100 60 30 40 20 80 10 80 80 10 80 70 30 60 20 90 80 10 10 90 60 60 60 20 60 20 30 80 70 30 80 70 40 60 60 60 30 50 70 20 70 20 90 50 60 20 30 20 10 20 100 40 100 40 90 10 40 90 30 30 100 70 90 20 70 60 
200
0 40 20 20 20 80 60 0 20 80 60 0 80 40 40 40 60 0 20 0 80 60 40 20 60 20 80 20 0 20 40 40 40 40 80 80 20 40 40 0 60 80 80 20 80 40 60 60 20 80 80 0 0 40 80 20 40 60 60 0 40 40 20 20 40 20 80 60 60 20 60 0 40 60 60 80 40 60 20 0 20 20 60 60 0 60 40 20 0 60 40 20 40 20 80 0 0 0 80 20 20 20 0 40 0 60 0 0 0 40 0 40 20 60 20 0 0 80 0 60 60 80 20 40 20 60 20 40 20 40 40 40 40 80 60 0 0 20 20 40 0 40 40 40 60 60 40 20 80 60 20 20 40 40 80 80 60 40 20 60 40 40 40 40 80 0 0 20 80 40 60 20 60 0 40 20 20 80 60 40 80 20 0 20 40 60 0 80 0 40 40 60 60 60 60 60 20 40 0 80 
2053
1 123 120
1 134 120
1 197 50
2 3 140
2 49 140
2 55 180
2 104 130
2 125 70
2 177 20
3 19 110
3 38 150
3 56 110
3 118 80
4 18 120
4 107 10
4 120 20
4 125 110
5 46 190
5 70 130
6 9 90
6 61 20
6 78 40
6 113 180
6 150 50
7 7 160
7 76 120
7 110 50
7 126 50
7 140 130
7 181 80
7 196 30
8 19 90
8 46 140
8 58 130
8 67 180
8 142 40
8 153 170
8 163 20
8 172 50
8 188 120
9 33 40
9 45 80
9 95 140
9 107 130
9 115 180
9 128 110
9 165 130
10 44 70
10 98 70
10 166 10
11 14 160
11 16 60
11 43 180
11 135 110
11 154 30
11 171 180
11 177 70
12 97 140
12 141 170
12 192 120
13 2 70
13 91 70
13 101 190
13 137 40
14 20 20
15 32 60
15 103 160
16 51 60
16 56 170
16 81 30
16 117 100
16 145 200
16 152 70
17 25 60
17 46 110
17 176 110
17 191 190
18 50 150
18 52 110
18 123 100
18 182 50
19 123 140
19 134 70
19 135 170
19 160 40
20 54 50
20 162 20
20 189 170
21 41 150
21 79 150
21 110 140
21 186 40
22 57 50
22 72 10
22 90 30
22 147 110
22 183 120
23 27 150
23 57 80
23 85 70
23 94 80
23 116 150
24 11 160
24 117 60
24 168 110
25 6 150
26 109 70
26 169 50
26 177 10
26 195 50
27 84 80
27 130 170
27 171 190
28 55 190
28 115 190
28 185 50
29 10 90
30 12 190
30 105 140
30 130 170
31 98 40
31 139 170
31 143 160
31 197 70
32 62 20
32 154 50
32 180 100
33 34 120
33 52 30
33 53 20
33 126 90
33 166 110
34 85 20
34 87 30
34 169 10
34 180 180
34 182 110
34 185 140
35 1 200
35 31 50
35 38 150
35 144 110
35 190 20
36 83 150
36 182 190
36 188 20
37 1 40
37 52 70
37 67 70
37 159 120
37 168 70
37 184 180
37 187 30
38 71 150
38 153 90
38 181 150
38 190 30
39 7 40
39 25 120
39 150 170
39 160 160
39 163 200
39 195 10
40 79 150
40 187 80
41 68 40
41 78 30
42 27 200
42 170 130
42 191 180
43 77 10
43 86 90
44 9 50
44 17 80
44 32 140
44 42 30
44 58 10
44 66 130
44 170 30
45 13 120
45 41 70
45 70 90
45 154 50
46 109 90
46 168 60
46 181 140
47 2 100
47 42 90
47 48 160
47 56 30
47 105 110
47 110 90
47 120 200
47 146 70
47 191 110
48 81 60
48 148 30
48 155 80
49 4 170
49 22 60
49 35 150
49 148 200
49 193 40
50 69 20
50 100 50
50 128 160
50 140 140
51 22 40
51 36 180
51 167 130
51 196 40
52 77 120
52 135 110
52 199 150
53 37 170
53 43 190
53 49 200
53 119 10
53 166 50
53 179 20
53 187 50
54 43 20
54 117 10
54 138 90
54 167 170
55 47 40
55 83 90
55 98 40
55 181 160
56 18 100
56 19 130
56 130 50
57 97 130
58 182 60
59 86 190
59 119 190
59 139 30
59 175 190
59 192 20
60 18 200
60 40 130
60 53 80
60 90 190
60 177 140
60 190 120
61 194 50
62 3 90
62 55 40
62 106 200
62 186 70
63 109 60
63 188 10
64 23 140
64 139 90
65 194 200
66 7 80
66 25 50
66 29 100
66 149 150
66 176 70
67 57 170
67 172 50
68 24 140
68 25 170
68 97 200
68 133 80
69 43 10
69 53 100
69 123 190
69 174 20
71 85 80
71 197 10
72 42 90
72 110 190
72 136 10
72 170 20
72 195 120
73 17 90
73 66 10
73 124 50
73 128 80
73 142 70
73 144 80
74 5 100
75 50 120
75 110 50
75 129 120
75 165 50
75 187 80
75 189 60
76 2 140
76 8 130
76 25 170
76 32 120
76 38 20
76 200 50
77 42 170
77 62 70
77 77 160
77 94 200
77 143 70
77 167 140
77 171 60
77 185 90
77 197 60
78 30 120
78 46 110
78 67 20
78 76 170
78 81 200
78 87 190
78 185 110
79 13 110
79 112 140
79 162 10
80 43 20
80 197 150
82 92 40
82 126 80
82 159 80
82 174 200
82 188 140
83 1 90
83 61 100
83 142 120
84 124 190
84 144 180
84 186 170
84 193 180
85 7 40
85 8 20
85 68 140
85 94 110
85 97 10
85 107 70
86 86 140
86 112 120
86 155 170
86 175 150
87 26 110
87 98 180
87 116 80
87 124 170
87 137 90
87 178 100
88 12 110
88 60 120
88 100 160
88 156 180
88 188 60
89 22 120
89 42 50
89 100 70
89 109 20
89 144 30
89 193 120
90 11 190
90 23 80
90 132 20
91 131 200
91 140 190
91 161 110
91 174 140
92 25 160
92 51 30
92 82 80
92 169 90
93 8 90
93 97 20
93 106 100
93 135 50
93 139 100
94 132 90
94 143 150
95 31 40
95 113 40
95 120 170
95 162 90
95 178 130
95 180 30
95 191 190
96 52 180
96 77 110
96 178 140
97 58 50
97 59 110
97 153 20
98 20 30
99 16 80
99 60 190
99 116 70
100 75 130
100 87 100
101 30 110
101 138 90
101 146 80
102 46 100
102 55 80
102 95 130
103 18 70
103 41 20
103 170 40
104 53 110
104 80 80
104 101 190
104 138 110
104 143 170
105 3 160
105 17 130
105 45 200
105 88 150
105 127 160
106 39 170
106 131 70
106 197 160
107 79 30
107 127 110
108 11 160
108 26 190
108 40 120
108 66 110
108 82 170
108 133 90
108 161 120
108 197 90
109 73 70
110 12 190
110 53 150
110 58 180
110 64 150
110 106 130
110 109 140
110 165 150
110 176 150
110 182 60
111 155 180
112 78 100
112 200 200
113 105 110
113 136 10
113 161 190
114 31 90
114 32 70
114 36 160
114 76 50
114 103 100
114 108 20
115 83 40
115 89 90
115 132 10
115 189 20
115 194 140
116 9 200
116 82 200
117 20 190
117 26 100
117 77 80
117 120 180
117 170 130
117 174 60
117 180 10
117 198 160
118 73 200
118 141 120
118 149 130
118 178 90
118 198 50
119 1 20
119 57 130
119 60 180
119 156 120
119 199 200
120 95 120
120 103 100
120 171 150
120 189 50
120 193 50
121 45 50
121 73 80
122 22 110
122 105 180
122 112 30
122 186 100
123 43 120
123 47 140
123 145 180
124 38 50
124 57 100
124 58 190
124 127 40
124 136 100
124 138 120
124 155 170
124 186 90
125 16 160
125 36 10
125 138 60
125 146 150
125 172 180
126 33 70
126 87 30
126 109 200
126 111 120
126 136 140
126 162 10
126 187 80
127 1 30
127 105 170
127 195 190
128 84 70
128 105 30
128 136 150
128 139 90
129 8 10
129 67 90
129 81 160
129 136 200
129 155 110
130 8 60
131 82 170
131 90 150
131 91 180
131 107 20
132 122 70
133 35 30
133 195 20
134 107 80
134 141 40
134 152 50
134 165 80
134 172 70
135 75 180
135 85 120
135 105 20
135 120 110
135 186 30
136 4 40
136 41 120
136 72 70
136 122 140
136 151 30
136 198 10
137 5 120
137 17 180
137 70 140
137 85 110
137 106 200
137 160 40
137 162 50
137 198 150
138 16 50
138 23 100
138 123 90
138 152 80
139 2 190
139 30 180
139 113 110
139 167 170
140 48 30
140 122 160
140 128 40
140 169 100
141 38 100
141 61 20
141 95 70
141 96 190
142 20 140
142 99 200
144 31 160
144 59 190
144 111 100
144 145 90
144 154 170
144 165 130
144 168 100
145 63 60
145 175 170
145 180 110
145 195 10
146 4 70
146 120 10
147 12 40
147 127 180
147 150 150
147 180 80
148 9 80
148 18 130
148 148 40
148 168 30
148 195 190
149 1 60
149 111 180
149 191 200
150 44 110
150 137 30
150 183 100
151 49 110
151 61 30
151 115 170
152 94 50
152 159 110
153 7 30
153 48 30
153 61 80
153 106 120
153 109 140
153 127 80
154 33 190
154 54 200
154 91 120
154 124 90
155 14 10
156 14 80
156 58 110
156 166 140
156 167 40
156 183 170
157 60 130
157 126 180
157 162 130
158 15 150
158 35 200
158 118 190
158 123 90
158 132 190
158 140 180
159 33 120
159 86 110
159 91 80
159 125 100
159 127 50
159 132 70
159 164 190
159 192 160
159 195 150
160 7 30
160 36 140
160 61 90
160 97 50
160 170 120
161 78 50
161 178 150
162 64 190
162 70 50
162 76 180
162 84 170
162 91 60
162 156 160
163 13 130
163 74 190
163 162 100
164 33 150
164 95 100
164 143 60
164 152 110
164 163 20
164 173 200
165 89 120
166 4 110
166 104 130
166 116 90
166 172 180
166 187 70
166 191 60
167 176 180
168 42 40
168 51 10
168 160 10
168 192 190
169 9 40
169 56 60
169 92 90
169 100 180
169 110 190
169 161 130
169 197 200
170 30 130
170 114 180
171 6 120
171 123 150
171 137 70
172 52 130
172 126 190
173 4 20
173 9 40
173 103 50
173 109 10
173 116 50
173 162 90
174 63 200
174 89 130
174 103 130
174 172 200
174 198 30
175 8 50
175 22 90
175 55 100
175 87 20
175 182 20
175 194 30
176 48 120
176 84 200
176 163 180
177 102 50
177 170 90
177 171 60
178 15 200
178 59 40
178 121 100
178 183 30
179 15 50
179 33 30
179 59 140
179 81 130
179 126 100
180 19 160
180 82 170
180 85 120
180 99 110
180 195 200
181 1 150
181 83 170
181 116 120
181 176 10
181 190 130
182 34 40
182 140 50
182 185 150
183 64 200
183 78 180
183 93 200
183 124 20
183 171 160
184 38 150
184 94 200
184 107 180
184 111 120
184 190 10
185 19 110
185 32 120
185 49 90
185 182 70
185 196 200
186 7 10
186 142 100
186 166 110
187 7 70
187 33 50
187 99 70
187 197 80
188 176 50
189 90 60
189 97 190
190 47 160
190 72 180
190 76 100
190 84 160
190 97 80
190 191 50
191 80 190
191 91 190
191 106 10
191 166 40
191 199 90
192 54 160
192 63 30
192 139 130
193 45 70
193 106 130
193 125 150
193 132 140
193 168 70
193 174 130
194 24 60
194 79 10
194 143 180
194 163 150
195 6 70
195 7 30
195 53 120
195 111 170
195 145 30
196 21 130
196 120 90
197 86 60
197 136 200
197 155 50
197 193 20
198 33 180
198 47 100
198 88 10
198 122 50
198 183 180
199 35 120
199 84 160
199 91 130
199 100 100
199 170 40
199 180 60
200 25 190
200 54 30
200 88 70
200 144 100
201 173 180
201 181 120
202 78 20
202 147 70
203 10 100
203 112 70
203 138 120
203 200 30
204 43 180
204 175 160
204 178 200
205 75 130
205 113 120
205 175 150
206 94 90
206 122 90
206 137 10
206 171 50
206 197 140
207 139 140
207 145 30
207 156 50
207 176 80
207 178 60
208 42 60
208 91 140
208 136 150
208 155 50
209 12 150
209 123 100
210 22 110
210 107 20
210 154 200
210 171 120
210 198 130
211 74 100
211 116 10
211 137 160
211 151 170
212 43 110
212 45 130
212 48 80
212 57 10
212 102 140
212 129 190
213 2 130
214 9 50
214 27 90
214 65 80
214 107 40
215 10 150
215 67 140
215 156 130
216 50 190
216 116 190
216 135 80
217 15 130
217 48 180
217 67 60
217 129 70
217 143 10
217 164 60
217 199 180
217 200 90
218 6 190
218 25 100
218 144 100
218 179 160
219 18 160
219 76 90
219 86 30
219 101 170
219 136 100
219 141 120
220 23 130
220 129 40
220 131 80
221 35 40
221 80 160
221 116 50
222 10 80
222 26 120
222 28 140
222 65 150
222 99 190
222 102 160
222 147 180
222 169 10
222 193 190
223 11 120
223 23 160
223 80 50
223 116 130
223 168 120
223 177 200
224 8 30
224 76 180
224 96 180
224 108 130
224 119 160
224 177 190
225 98 140
225 135 150
226 1 160
226 60 90
226 72 70
226 128 190
226 166 200
226 185 190
227 31 170
227 63 150
227 81 160
227 101 80
227 186 90
228 10 200
229 16 190
229 29 180
229 34 90
229 80 120
229 90 30
229 109 80
229 156 130
229 163 50
230 13 70
230 36 50
230 190 160
230 195 20
231 10 80
231 11 170
231 89 70
231 100 30
231 131 50
231 147 130
231 174 130
232 66 120
232 135 70
232 165 160
233 12 60
233 27 100
233 56 80
234 54 10
234 56 130
236 76 50
236 112 130
236 133 10
236 178 10
237 12 130
237 93 90
237 102 130
237 149 80
237 189 50
238 99 40
238 120 20
238 152 170
239 77 160
239 105 110
239 132 70
240 45 130
240 60 130
240 86 180
240 129 30
240 168 70
241 28 160
241 94 60
241 109 200
241 143 30
241 149 70
241 153 40
241 172 10
241 178 140
241 200 130
242 82 150
242 85 20
242 161 180
242 174 110
243 47 40
243 89 80
243 93 50
244 56 10
244 59 150
244 197 70
245 5 10
245 67 40
245 83 160
245 101 160
245 150 170
245 171 40
245 181 100
246 12 40
246 60 10
246 69 180
246 90 200
246 141 200
246 143 140
247 11 90
247 35 30
247 93 110
247 103 100
247 140 130
248 74 90
248 92 30
248 137 40
248 173 160
248 181 140
249 19 80
249 33 40
249 58 120
249 84 150
249 160 170
250 3 130
250 71 80
250 108 120
250 148 160
250 196 60
251 3 20
251 48 200
251 78 40
251 101 90
251 144 20
251 149 110
251 185 120
251 200 90
252 17 10
252 29 130
252 52 160
252 81 100
252 121 200
252 165 110
253 30 60
253 118 190
253 139 20
253 186 40
253 189 100
254 79 90
254 125 100
254 178 150
255 49 180
255 153 200
255 181 30
256 42 180
256 80 130
256 144 50
257 59 30
258 184 180
258 185 110
258 188 50
259 76 50
259 138 20
259 145 110
259 181 120
260 125 40
261 17 110
262 20 160
262 37 120
262 46 120
262 49 160
262 123 50
262 129 110
262 158 160
262 171 80
263 23 20
263 33 120
263 36 180
263 38 50
263 45 190
263 132 100
263 150 90
263 174 130
264 13 160
264 50 100
264 90 160
264 100 180
264 127 70
264 170 170
265 15 150
265 40 100
265 126 160
265 145 190
265 150 200
266 41 30
266 73 20
266 94 90
266 120 140
266 122 50
266 132 170
266 146 70
266 183 30
267 5 90
267 54 120
267 81 90
267 125 120
267 127 70
267 168 30
268 51 120
268 171 100
268 188 120
269 17 190
269 173 190
270 30 80
270 171 180
270 185 90
271 65 60
271 100 120
271 125 10
271 126 50
271 188 60
272 59 80
272 88 40
272 94 130
273 13 110
273 99 80
273 179 160
274 9 50
274 200 40
275 138 120
276 51 60
276 126 110
276 152 160
276 160 140
276 188 60
276 197 80
277 73 50
278 6 10
278 15 140
278 125 60
278 145 70
278 173 150
278 189 120
279 38 30
279 59 180
279 69 70
279 87 20
279 89 30
279 145 30
280 7 60
280 48 70
280 56 170
280 64 10
280 65 150
280 75 10
280 92 110
280 115 50
280 132 120
280 136 50
281 38 40
281 52 110
281 88 100
281 170 70
281 174 150
282 35 180
282 41 120
282 52 100
282 121 90
282 129 140
283 29 200
283 37 30
283 105 90
283 149 190
284 32 40
284 46 130
284 57 150
284 177 20
285 57 190
285 177 160
285 198 140
286 11 50
286 46 110
286 63 150
286 75 140
286 122 10
287 3 160
288 6 110
289 4 70
289 26 80
289 164 10
290 85 190
290 92 40
291 29 130
291 65 160
291 83 60
291 125 200
291 176 100
292 29 180
292 33 160
292 184 150
293 16 10
293 17 50
293 81 190
293 88 30
293 143 160
294 85 200
294 109 90
294 132 30
294 186 30
295 74 20
295 92 70
295 96 20
295 102 170
295 165 10
295 174 60
297 20 40
297 37 180
297 66 200
297 87 120
297 89 180
297 134 20
297 136 140
297 152 70
297 168 140
297 175 110
298 4 140
298 55 200
298 108 170
298 110 10
298 112 90
298 139 180
299 65 160
299 110 60
299 123 10
299 138 90
299 139 10
299 175 50
299 195 170
300 8 100
300 80 90
300 93 190
300 170 160
300 190 60
300 198 110
301 90 150
301 115 130
302 49 50
302 57 170
302 72 150
302 99 160
302 139 170
302 148 60
302 159 170
303 41 80
303 73 190
303 101 170
303 117 170
303 126 10
303 127 190
303 161 110
303 198 140
304 6 150
304 57 110
305 40 180
305 104 140
305 115 170
305 136 80
305 199 80
306 58 180
306 112 70
306 130 180
306 195 190
307 10 150
307 49 130
307 88 70
307 102 30
307 119 130
307 159 110
308 1 190
308 61 130
308 80 70
308 135 100
309 144 200
310 53 190
310 60 140
310 124 200
310 197 20
311 62 130
311 172 60
312 43 100
312 48 30
312 101 130
313 149 40
313 195 10
314 15 30
314 48 180
314 56 20
314 80 20
314 97 30
314 120 50
315 6 70
315 13 30
315 84 170
315 150 110
316 65 140
316 72 170
316 109 100
317 185 170
318 6 120
318 139 120
318 190 50
319 25 60
319 62 50
319 135 30
320 38 40
320 107 10
320 109 30
320 131 70
320 147 40
320 185 130
321 67 200
321 75 90
321 105 80
321 126 70
321 161 190
321 163 90
322 45 200
322 121 130
323 39 20
323 44 10
323 73 30
323 99 60
323 123 140
324 3 100
324 23 160
324 35 190
324 48 150
324 108 10
324 152 160
324 188 140
325 29 100
325 43 20
325 66 190
325 73 160
325 183 80
325 189 40
325 198 100
326 8 50
326 29 100
326 31 10
326 69 60
326 81 40
326 110 190
326 116 200
326 162 50
326 170 90
327 50 50
327 91 180
327 177 130
327 198 10
328 18 40
328 114 110
328 190 180
328 193 100
329 90 10
329 97 160
329 137 20
329 167 20
329 178 150
330 119 30
330 126 110
330 135 20
330 157 170
330 182 10
330 197 190
331 49 30
331 117 120
331 156 10
331 196 100
332 1 10
332 25 160
332 153 50
332 190 190
332 194 100
333 32 20
333 94 40
333 98 70
333 168 190
334 6 150
334 51 200
334 85 80
335 33 30
335 130 200
335 148 30
335 150 130
335 155 120
335 164 120
336 123 50
336 125 180
336 175 50
337 19 70
337 43 100
337 129 50
337 150 150
338 30 50
338 83 90
338 91 160
338 97 190
338 120 170
338 175 130
339 21 100
339 35 170
339 45 170
339 50 40
339 69 90
339 70 40
339 82 20
339 84 170
339 104 60
339 175 40
340 51 160
340 96 70
340 102 50
340 164 40
341 54 70
341 79 110
341 97 140
342 128 20
342 196 160
343 39 200
343 55 40
343 156 140
344 102 100
344 104 100
344 145 170
345 61 30
345 71 140
346 21 20
346 29 40
346 141 180
346 163 50
346 181 50
346 194 50
347 7 50
347 41 130
347 182 40
348 89 150
348 90 150
348 91 30
348 134 30
348 179 200
348 184 170
349 48 170
349 74 170
349 87 150
349 148 140
349 163 90
350 106 80
351 74 180
351 75 120
351 116 40
352 52 90
353 12 30
353 21 30
353 53 110
353 85 160
353 88 50
353 91 130
353 120 180
354 63 200
354 80 50
354 123 110
354 169 110
354 182 140
355 25 60
355 61 10
355 86 30
355 107 10
355 155 130
355 158 50
356 18 200
356 28 180
356 67 190
356 101 70
356 121 90
356 137 100
356 190 40
356 194 70
357 6 30
357 18 190
357 69 30
357 75 30
357 136 40
357 192 50
358 34 170
358 75 80
358 93 180
358 102 190
358 107 130
358 128 20
358 181 40
359 129 10
360 34 130
360 140 20
361 9 200
361 46 110
361 72 150
361 131 140
362 124 90
363 1 80
363 29 10
363 41 110
363 153 130
364 56 60
364 61 20
364 93 40
364 118 200
365 187 10
366 177 80
367 26 100
367 115 200
367 131 20
367 171 50
368 45 130
368 49 50
368 144 80
368 159 20
368 195 20
369 11 130
369 12 100
369 50 90
369 78 70
369 83 120
369 93 20
369 120 80
369 147 200
369 152 130
370 1 170
370 63 30
370 70 40
370 88 30
370 141 130
370 180 170
371 8 190
371 40 120
372 11 110
372 27 100
372 119 200
372 151 190
372 159 180
373 46 140
373 152 160
375 118 190
375 159 90
375 166 20
376 22 200
376 60 80
376 158 170
377 77 40
377 132 10
378 73 180
378 76 100
378 175 160
379 23 110
379 25 70
379 46 20
379 65 200
379 183 60
380 32 110
380 36 40
380 65 170
380 82 50
380 101 200
380 105 10
380 123 80
380 125 70
381 45 50
381 47 180
382 22 170
382 103 170
382 196 110
383 4 60
383 17 70
383 82 130
383 102 80
383 160 130
383 190 90
384 81 100
384 178 170
385 6 140
385 44 50
385 46 70
385 54 150
385 90 90
385 183 190
386 4 10
386 94 120
386 131 110
387 52 20
387 63 180
387 65 50
387 81 80
388 57 110
388 87 180
388 107 60
388 108 80
388 113 10
388 120 40
388 122 80
389 69 90
389 123 150
389 163 110
390 19 10
390 67 70
390 113 170
390 117 40
390 160 40
391 16 180
391 154 200
392 24 170
392 51 100
392 122 90
392 181 150
393 5 180
393 10 60
393 41 170
393 46 40
394 37 30
394 100 10
394 119 180
394 151 100
394 157 20
395 101 140
395 122 70
395 139 80
396 119 110
396 170 200
396 181 30
397 44 170
397 95 90
397 109 150
397 149 130
398 20 70
398 55 160
398 86 50
398 172 170
398 176 100
399 27 100
399 70 70
399 159 190
400 42 200
400 46 190
400 90 30
400 124 170
401 6 80
401 36 140
401 152 150
402 30 70
402 48 10
402 51 140
402 76 180
402 178 170
404 66 190
404 114 100
404 143 140
405 2 90
405 14 50
405 38 160
405 60 190
405 82 120
405 103 20
405 199 50
406 13 200
406 57 60
406 67 90
406 80 10
406 146 140
406 157 190
407 10 190
407 38 110
407 50 200
407 92 60
407 115 60
407 130 80
408 28 60
408 35 190
408 51 50
408 55 10
408 80 50
408 131 10
408 174 70
408 200 180
409 49 120
409 71 20
409 75 60
409 178 170
409 195 30
410 62 160
410 63 130
410 112 200
410 138 190
411 21 150
411 38 100
411 52 10
411 176 160
411 178 40
412 34 180
412 61 60
413 125 70
413 166 110
414 12 200
414 42 180
414 50 180
414 139 160
414 200 100
415 25 110
415 71 170
415 72 10
415 89 140
415 102 40
415 104 40
415 186 20
415 194 70
416 4 170
416 45 140
416 60 190
416 112 40
416 129 140
416 165 10
416 200 60
417 11 190
417 51 40
417 59 190
417 200 190
418 109 180
418 125 170
418 139 200
418 159 60
418 160 140
419 127 70
419 159 20
420 12 150
420 24 10
420 38 150
420 65 40
420 113 30
420 150 200
421 44 130
421 51 90
421 55 90
421 97 150
422 6 100
422 107 90
422 110 80
422 136 20
423 85 180
423 92 70
423 96 10
423 137 170
423 150 10
423 156 10
423 189 110
424 9 50
424 10 40
424 73 180
425 40 40
425 67 180
425 73 200
425 127 180
425 153 60
426 9 190
426 34 160
426 38 130
426 59 20
427 18 10
427 149 80
428 42 120
428 116 200
428 151 180
428 162 150
428 193 100
429 55 170
429 66 130
429 76 200
429 77 140
429 145 110
429 147 70
429 158 170
430 8 90
430 35 60
430 47 80
430 58 170
431 20 120
431 117 190
431 171 110
431 197 180
432 10 110
432 58 100
432 121 40
432 133 20
433 26 160
433 32 40
433 65 180
433 129 200
433 158 50
433 181 140
434 65 90
434 68 50
434 102 110
434 118 190
435 46 200
436 82 100
436 191 200
437 64 90
437 94 130
437 179 190
437 184 40
438 92 10
438 101 130
438 153 140
438 185 120
439 21 30
439 37 60
439 140 110
439 160 190
440 46 80
440 53 80
440 190 140
441 16 170
441 73 200
441 115 40
441 122 130
441 174 190
442 71 30
443 93 10
443 112 20
443 120 150
444 9 150
444 13 50
444 22 200
444 187 20
445 23 10
445 97 180
446 106 190
447 41 90
447 82 110
447 85 110
447 105 200
447 114 160
447 172 180
448 19 90
448 28 100
448 53 60
448 78 200
448 140 140
449 56 10
449 174 160
449 187 100
450 107 50
450 114 200
450 197 170
451 72 110
451 88 60
451 92 170
451 108 190
451 177 200
451 183 190
452 27 50
452 120 50
452 124 20
452 153 110
452 169 40
452 182 140
453 82 190
453 126 50
454 43 180
454 74 130
454 83 170
454 175 140
455 97 20
455 102 120
456 1 120
456 32 10
456 55 180
456 87 40
456 122 200
456 144 120
456 194 60
457 59 110
457 105 80
457 134 110
458 14 110
458 28 120
458 34 50
458 43 10
458 89 130
458 114 100
458 134 170
458 180 80
458 186 10
459 49 190
459 99 170
459 140 50
459 169 120
460 5 150
460 93 160
460 146 130
460 180 60
460 188 70
461 113 70
461 117 160
461 127 200
461 176 50
462 23 50
462 106 60
462 113 190
462 133 110
462 142 110
462 177 70
463 67 190
463 167 60
464 55 130
464 73 50
465 47 30
465 100 180
465 159 200
466 80 70
466 84 50
466 157 200
467 5 50
467 59 80
467 115 180
468 42 50
468 105 140
468 195 10
469 21 10
469 63 100
469 76 200
469 78 80
469 152 30
469 173 70
469 178 150
469 188 40
469 198 60
470 182 120
471 150 130
471 182 120
471 190 100
472 1 80
472 94 110
473 18 20
473 104 30
474 25 40
474 41 180
474 51 170
475 43 160
475 49 50
475 54 40
475 102 160
475 176 200
476 121 30
476 169 90
477 129 160
478 139 90
478 177 120
478 187 10
479 33 140
479 62 30
479 80 90
480 44 190
480 50 90
480 80 30
481 64 30
481 83 180
481 135 70
481 137 20
481 149 170
482 25 100
482 37 140
482 195 110
483 84 90
483 113 170
483 124 200
484 64 40
484 92 100
484 107 90
484 197 160
485 13 100
485 114 150
485 120 140
485 136 140
485 141 130
485 151 160
485 191 110
486 126 170
487 11 140
487 28 50
487 45 100
487 62 20
487 70 70
487 103 10
487 121 10
487 151 190
488 28 60
488 89 120
488 102 60
488 140 70
489 107 160
489 133 100
490 23 140
490 60 60
490 69 80
490 72 50
490 74 80
490 80 70
490 115 20
490 155 50
490 199 180
491 25 30
491 99 110
491 163 20
492 68 10
492 118 180
492 174 70
492 193 50
493 120 60
493 169 50
493 172 10
493 176 20
494 16 170
494 87 130
494 110 50
494 113 170
494 185 30
495 164 40
496 2 160
496 116 130
496 133 20
496 134 20
497 17 10
497 99 60
497 150 150
497 153 40
498 3 170
498 18 70
498 31 140
498 106 100
498 134 70
498 146 140
499 27 60
499 38 30
499 51 110
499 58 130
499 65 190
499 127 110
499 148 180
499 171 140
499 172 170
499 180 30
499 187 30
499 198 200
500 3 160
500 109 90
500 134 200
500 167 40
